Samples in dataset: 2146   Test samples: 439
Overall test accuracy: 77.45%

              precision    recall  f1-score   support

           A       0.74      1.00      0.85        20
           B       0.61      1.00      0.75        20
           C       0.95      1.00      0.98        21
           D       0.79      0.95      0.86        20
           E       0.75      1.00      0.86        27
           F       1.00      0.07      0.13        14
           G       1.00      1.00      1.00        20
           H       1.00      1.00      1.00        20
           I       0.48      1.00      0.65        13
           J       1.00      1.00      1.00        11
           K       0.80      1.00      0.89        12
           L       0.85      1.00      0.92        17
           M       0.00      0.00      0.00        16
           N       0.21      0.25      0.23        16
           O       0.93      0.72      0.81        18
           P       1.00      1.00      1.00        15
           Q       1.00      0.57      0.73         7
           R       0.43      0.20      0.27        15
           S       0.88      0.44      0.58        16
           T       1.00      0.69      0.82        13
           U       0.67      0.80      0.73        25
           V       0.81      0.81      0.81        16
           W       1.00      1.00      1.00        12
           X       0.91      0.83      0.87        12
           Y       0.00      0.00      0.00        14
           Z       1.00      1.00      1.00        29

    accuracy                           0.77       439
   macro avg       0.76      0.74      0.72       439
weighted avg       0.76      0.77      0.74       439
